7
7
7
2
2
6
1
5
5
7
10
4
5
0
2
2
4
9
12
12
12
3
1
1
3
2
7
11
12
12
11
1
3
4
4
4
6
11
10
9
8
1
7
6
8
0
6
11
8
8
6
4
10
12
9
0
7
9
5
7
6
5
12
13
10
1
5
6
3
7
4
7
11
10
12
3
3
4
4
8
5
4
5
6
15
3
5
6
5
7
0
3
3
4
10
2
5
8
5
5
1
2
0
0
6
0
6
7
2
2
3
1
2
1
4
4
9
6
2
2
3
1
6
2
3
2
6
2
0
1
5
3
8
3
9
6
1
1
1
1
3
4
8
5
9
2
1
2
1
0
2
3
6
7
8
3
0
3
2
0
6
1
3
10
8
1
4
0
1
2
3
1
2
12
15
1
8
4
3
5
4
3
0
12
15
6
15
8
5
9
5
5
1
12
17
9
17
9
5
8
3
5
3
6
11
9
14
8
4
6
1
6
4
3
6
8
7
5
1
4
0
5
6
0
7
4
4
2
0
3
0
2
5
0
7
1
5
3
1
1
3
1
7
7
3
2
3
3
1
1
2
0
7
9
1
0
3
0
0
0
4
1
7
9
1
2
3
3
0
2
4
2
4
10
1
5
6
4
1
3
4
2
2
7
0
4
5
6
1
1
3
2
1
6
2
1
2
4
1
1
3
2
3
9
5
1
0
0
0
0
3
0
7
11
6
4
0
0
0
2
0
0
4
5
4
5
1
2
3
8
2
5
1
1
2
5
1
3
3
10
4
6
0
3
5
5
1
8
3
8
4
8
1
4
5
5
2
6
1
7
3
9
4
4
5
4
4
7
1
7
6
11
7
9
6
3
0
3
0
7
7
11
11
11
7
0
5
0
0
8
10
13
14
15
8
5
8
0
1
9
7
9
10
10
13
5
7
0
1
1
4
5
8
5
18
4
7
3
4
4
0
0
6
2
18
2
9
8
7
3
1
2
3
1
19
0
8
10
5
3
2
6
1
1
21
0
10
9
3
2
4
7
2
4
18
0
8
7
2
3
6
8
5
4
15
3
5
6
1
2
5
7
5
2
13
3
7
8
5
6
4
7
7
2
8
0
9
9
3
2
1
5
7
0
2
3
8
8
1
0
0
4
9
1
0
2
8
6
0
1
0
3
8
2
2
2
7
3
1
1
0
3
9
3
5
0
5
2
1
1
0
2
9
2
6
0
6
2
0
1
1
4
9
0
1
0
4
1
0
3
1
6
11
2
3
0
1
1
4
1
1
6
9
2
0
5
2
0
7
0
2
5
7
0
1
8
4
3
8
0
2
5
6
3
2
7
8
5
8
2
0
2
2
5
4
4
4
1
5
2
0
0
0
8
8
1
2
1
5
1
2
0
1
7
15
1
2
0
3
2
2
2
3
9
14
0
0
0
3
2
3
5
6
11
14
1
0
0
0
0
6
8
8
13
14
2
1
0
3
1
7
8
4
18
16
3
5
5
11
0
6
7
2
16
18
2
7
7
11
2
8
6
0
13
14
5
12
6
9
2
7
4
2
12
5
8
13
3
6
4
9
5
3
9
9
16
13
2
3
5
9
4
2
5
16
20
14
1
1
6
8
3
0
1
22
22
19
2
0
4
4
3
0
5
26
26
22
2
1
6
6
6
5
10
34
31
26
2
4
6
7
9
6
13
41
37
26
0
6
6
8
10
10
15
42
35
22
1
7
6
8
12
14
16
37
35
19
2
5
5
8
14
17
16
32
32
17
3
5
5
8
15
15
15
27
27
14
0
7
4
9
13
14
10
21
22
9
1
7
5
11
10
8
5
20
19
5
1
9
3
6
4
6
3
13
17
3
2
9
3
5
1
4
0
7
14
4
1
7
2
3
1
6
1
5
12
6
2
4
0
1
0
2
3
2
3
6
1
4
1
0
1
0
4
0
3
8
3
2
3
3
5
0
3
1
4
8
6
1
4
6
3
0
1
5
4
10
7
3
7
8
1
1
2
7
4
10
6
4
8
5
1
1
5
7
5
9
4
3
10
6
1
5
6
6
1
4
0
0
8
5
3
8
4
6
0
1
2
0
8
6
6
10
6
10
3
1
3
1
7
5
5
9
4
15
9
7
7
3
7
5
3
8
10
21
15
11
10
6
4
2
1
10
14
21
16
14
10
6
4
1
5
11
15
27
19
16
9
8
1
2
4
8
16
30
21
18
7
6
2
1
4
10
18
33
20
17
7
7
4
3
4
9
24
37
24
19
7
8
5
3
4
12
31
41
23
15
9
7
5
2
6
13
34
39
17
8
5
4
3
4
8
15
33
37
12
5
4
2
3
3
10
11
27
34
8
0
1
1
2
5
9
11
26
28
6
2
1
0
1
0
4
6
18
21
1
7
0
0
0
1
3
0
14
16
0
9
0
3
3
3
4
1
9
13
8
13
2
4
5
2
3
4
2
4
13
13
2
2
4
3
3
7
1
1
16
12
2
0
4
3
4
7
2
0
11
11
1
0
3
2
2
9
2
2
6
11
1
1
1
6
1
12
3
2
5
8
3
2
0
3
2
11
7
3
3
7
5
2
0
1
3
4
9
7
3
1
4
4
1
0
2
4
7
4
2
1
7
4
1
0
2
5
5
0
4
6
7
1
0
0
0
5
2
3
6
8
8
0
0
0
1
6
10
2
5
10
10
1
0
0
3
2
8
0
5
13
11
4
4
5
5
1
9
2
8
15
7
4
5
4
2
0
12
2
13
16
1
8
4
3
2
2
13
3
12
14
3
3
2
1
0
7
12
6
14
12
0
4
0
0
2
6
10
11
15
10
0
2
1
2
5
6
9
13
12
7
2
3
1
3
8
5
7
11
10
4
5
2
1
3
10
9
10
5
7
1
10
2
3
7
9
7
8
2
7
3
8
0
9
11
8
6
7
1
3
4
6
3
11
11
5
7
5
0
2
7
8
2
12
10
4
5
2
1
0
11
8
1
9
7
1
2
2
2
3
11
7
2
9
6
1
1
5
4
3
10
5
2
7
4
2
1
9
7
4
8
4
4
10
8
0
1
8
9
7
4
1
8
14
7
1
2
8
9
10
3
1
7
10
3
0
3
8
11
13
5
1
5
4
1
2
1
4
12
14
4
1
4
3
1
0
0
1
13
16
5
2
2
2
1
2
3
0
13
15
2
1
3
2
1
3
8
2
12
11
1
1
3
3
0
5
12
7
5
5
0
1
4
3
2
7
14
10
0
0
3
2
1
4
6
8
17
11
3
1
2
4
1
3
4
12
17
12
9
1
5
3
0
3
7
17
18
14
11
1
6
5
3
5
6
14
15
16
11
0
6
5
2
4
4
11
12
14
10
1
6
6
2
4
4
9
6
9
11
0
8
6
3
5
4
9
0
3
7
2
9
7
2
3
1
6
3
0
6
4
10
7
3
1
2
3
5
1
4
0
9
6
3
0
5
3
10
5
2
3
5
3
0
3
9
9
13
7
1
6
3
1
9
8
10
9
13
11
1
4
0
4
10
9
10
7
14
11
3
3
1
4
11
9
12
8
14
13
6
3
1
6
11
10
12
8
11
6
3
4
3
6
11
10
12
7
10
5
7
2
7
8
12
11
7
5
8
5
7
0
10
12
14
9
4
0
5
4
5
0
9
8
6
4
1
1
6
4
6
3
8
2
0
0
0
0
9
5
2
4
3
1
2
1
0
2
11
6
2
6
1
2
3
1
1
2
11
6
7
10
0
4
5
3
3
1
7
8
10
14
2
4
5
5
4
1
4
10
11
14
5
8
9
9
5
2
0
4
12
12
6
10
11
9
4
3
0
3
14
11
3
10
9
7
3
4
1
0
15
11
0
3
5
5
1
3
1
0
17
13
3
3
5
5
2
5
3
8
22
17
3
2
3
5
1
6
5
11
26
16
1
2
2
4
0
5
7
16
30
13
2
0
0
1
0
5
7
17
32
16
4
3
3
3
1
6
8
21
37
25
12
12
9
10
2
4
7
24
41
38
26
30
23
17
7
0
9
38
65
72
59
54
41
26
11
2
20
66
108
121
93
72
47
28
9
8
38
102
156
163
117
80
49
27
8
11
52
129
194
198
135
86
49
25
5
18
66
163
233
229
149
91
50
22
1
28
82
187
257
240
154
88
44
12
5
34
84
190
259
238
147
80
39
4
11
40
96
200
266
233
129
52
9
22
37
64
116
202
245
186
72
3
33
53
58
78
120
180
178
97
3
49
60
67
67
81
110
134
99
13
49
67
68
71
71
82
102
104
43
44
77
83
74
76
75
90
112
107
37
63
93
95
86
88
104
145
189
185
81
59
111
121
123
153
203
273
335
307
150
57
148
185
216
277
351
433
489
426
197
85
215
276
330
415
507
597
645
542
247
99
277
380
472
580
688
777
809
666
306
119
367
528
651
774
885
967
980
795
358
170
510
716
853
981
1092
1163
1150
913
377
261
680
914
1063
1193
1301
1352
1292
964
315
404
864
1113
1264
1386
1454
1434
1293
885
177
569
1040
1281
1406
1468
1466
1380
1189
753
28
718
1170
1368
1435
1432
1378
1256
1047
605
115
837
1243
1386
1398
1342
1248
1104
885
447
255
933
1272
1335
1284
1188
1068
920
703
288
362
958
1204
1198
1111
997
873
732
529
154
423
918
1070
1015
912
791
667
536
353
22
470
853
917
825
706
581
458
335
175
103
500
769
755
629
500
377
269
171
50
173
485
662
590
447
323
219
141
74
16
200
446
545
436
298
193
120
67
18
55
206
386
426
307
185
104
53
24
14
73
190
318
322
206
113
60
25
6
25
70
169
271
263
162
88
46
18
1
32
73
156
247
226
139
76
39
12
7
36
72
145
215
188
117
66
34
8
9
34
60
108
157
139
94
53
27
2
10
18
30
58
100
96
72
41
20
7
3
1
3
19
51
62
53
35
22
15
12
14
11
3
26
39
40
32
22
17
12
17
19
18
8
19
24
24
12
11
9
15
18
21
2
4
9
13
3
4
5
11
13
10
2
4
3
8
1
1
2
4
0
6
19
9
1
5
2
0
0
0
6
14
27
11
1
4
3
1
2
6
0
11
21
13
1
9
5
17
20
26
15
4
15
16
11
22
31
44
46
48
33
23
3
25
26
46
66
78
73
72
57
45
12
30
46
73
94
99
90
90
80
77
40
27
62
93
111
113
104
110
117
132
91
8
69
102
121
121
115
130
158
195
147
2
78
113
129
129
125
153
198
245
175
0
90
125
140
140
150
184
225
266
166
17
105
139
160
160
168
191
230
257
150
31
112
142
157
152
160
184
224
248
145
23
98
120
129
129
144
172
217
245
155
1
71
89
104
112
134
163
209
237
162
24
43
65
89
102
124
151
188
211
155
40
21
48
75
93
116
136
161
180
144
63
3
32
64
84
107
118
133
154
153
96
31
15
49
65
74
80
99
147
176
137
65
15
7
17
26
43
79
149
200
174
100
57
38
24
8
16
60
139
204
191
122
83
68
53
35
7
35
114
191
191
137
107
92
73
55
29
5
84
167
184
149
121
106
85
67
46
15
59
143
176
153
124
109
90
75
57
30
37
118
156
142
122
107
88
76
63
44
11
83
126
124
115
102
83
73
71
64
31
31
81
94
93
80
68
65
72
79
70
16
35
57
58
52
53
58
71
86
92
46
1
23
26
26
34
44
60
78
87
57
27
5
1
5
20
30
45
60
73
59
44
33
20
6
8
18
30
41
52
44
43
36
22
9
3
11
19
22
25
14
21
26
20
10
1
8
10
1
20
35
15
5
12
6
4
5
6
39
78
102
64
23
9
10
10
2
30
76
138
177
125
63
40
27
10
14
49
107
189
238
178
103
68
41
12
20
61
128
224
284
223
133
88
49
12
21
65
138
244
316
257
156
96
50
14
22
68
146
258
335
266
155
92
48
12
21
70
147
261
328
250
141
84
43
9
25
73
143
245
301
219
121
73
37
1
32
76
132
220
259
187
100
56
18
11
40
72
116
191
218
152
76
32
0
23
42
65
101
167
186
120
46
8
18
35
46
64
94
150
154
88
25
6
29
38
48
61
90
137
128
59
4
17
35
43
50
61
83
120
104
45
2
19
35
42
49
58
76
103
94
39
0
18
33
41
48
56
72
100
91
45
3
14
32
38
44
51
70
98
98
48
6
12
27
39
39
51
73
100
93
45
3
13
26
35
36
47
68
93
81
39
4
11
21
29
31
41
58
81
74
42
10
6
17
23
26
38
49
77
83
53
19
1
12
19
25
37
50
88
102
65
29
2
10
18
25
38
54
102
113
74
34
2
10
20
26
41
62
109
121
80
37
4
9
18
26
41
62
114
128
86
40
8
5
13
24
40
62
118
142
101
53
21
4
8
22
38
65
127
159
120
67
34
15
3
19
39
73
140
182
136
78
42
19
0
18
39
78
148
187
142
87
45
21
0
17
36
75
143
180
148
89
49
25
5
11
28
66
132
180
158
99
56
30
10
6
19
54
128
193
176
114
66
38
18
7
5
46
132
205
191
127
77
53
39
25
8
39
136
217
202
141
98
78
65
43
18
32
134
220
210
154
117
97
81
53
25
27
130
218
221
171
130
110
89
58
27
27
130
229
240
183
140
115
92
58
22
35
145
249
252
193
145
116
92
54
13
46
159
258
251
190
141
112
87
47
0
57
164
247
238
181
134
105
78
32
15
63
150
226
217
160
112
79
46
4
27
61
133
197
184
125
68
35
9
14
36
61
115
159
133
74
16
9
22
34
44
56
90
111
71
15
25
39
40
41
41
41
51
49
0
38
56
55
49
42
33
18
0
25
68
76
70
61
50
39
21
6
50
100
124
100
78
64
51
37
7
33
101
160
159
113
80
63
46
21
18
63
135
197
178
116
75
53
29
0
33
76
151
217
181
106
55
32
8
14
45
90
161
216
163
83
29
8
9
27
52
95
154
196
130
50
6
8
19
31
53
92
139
171
101
31
3
12
21
32
52
86
123
145
75
18
6
13
22
34
51
78
103
109
49
11
7
15
22
35
49
66
74
73
33
7
5
12
20
26
35
47
53
55
32
13
1
5
8
11
23
40
45
46
31
20
11
8
1
0
11
26
30
39
38
31
23
25
16
15
1
8
17
31
45
50
39
41
29
22
12
7
1
23
49
58
48
51
39
35
31
34
28
0
42
62
55
56
46
45
48
60
58
22
43
71
61
62
51
53
67
88
89
43
37
74
64
67
61
72
99
124
127
74
21
69
66
80
83
105
135
167
169
116
3
60
70
91
112
133
161
196
204
149
23
54
74
100
126
144
176
211
227
174
43
35
65
93
123
147
179
218
244
203
70
15
52
87
120
143
176
214
255
224
97
3
42
79
113
136
167
204
259
241
122
20
32
74
107
130
158
193
259
258
144
37
19
63
97
112
132
172
253
264
162
54
2
40
67
81
108
154
247
271
175
71
21
10
33
54
89
143
242
281
191
94
46
14
14
40
81
140
248
292
207
112
64
25
8
37
79
138
249
296
214
126
70
31
4
35
76
138
247
300
219
134
75
32
4
34
76
140
249
304
222
139
76
31
6
37
78
142
249
300
220
138
72
31
4
40
81
142
240
282
204
128
65
26
9
35
71
124
216
249
181
113
55
22
3
25
54
96
176
199
147
89
43
20
5
12
31
62
124
143
104
63
33
25
15
2
10
29
71
81
67
40
30
28
21
9
5
1
21
23
35
30
30
30
24
16
19
27
28
27
10
21
30
32
27
21
33
51
70
64
10
17
32
36
35
41
56
81
106
88
21
15
38
45
51
57
73
97
126
100
23
24
48
56
59
68
78
102
131
99
13
31
52
56
60
67
75
95
121
87
1
37
51
53
58
62
70
86
105
69
0
31
43
47
52
58
63
70
85
56
2
22
38
43
49
55
56
60
69
56
11
11
31
38
44
49
48
49
58
55
16
3
24
30
35
33
31
33
41
49
21
7
10
11
8
9
12
14
24
42
30
24
8
12
14
12
3
1
10
37
46
42
28
33
35
27
17
15
1
39
57
56
43
50
50
38
31
31
8
37
64
68
54
62
57
49
44
42
18
27
67
73
60
66
62
55
52
51
30
11
61
72
64
69
63
58
61
63
46
3
55
72
64
68
66
64
68
75
60
11
50
72
67
73
71
76
82
85
68
16
45
68
71
79
78
83
85
91
73
23
36
60
68
80
77
83
84
92
78
33
21
53
64
71
70
76
79
85
74
37
14
43
55
62
65
68
69
74
67
31
5
36
48
55
59
61
59
62
54
24
5
34
43
52
56
56
52
51
40
18
5
32
39
48
50
46
39
35
22
11
7
27
31
35
31
26
21
18
10
6
4
20
17
17
10
8
6
2
1
7
7
18
8
2
1
0
2
11
13
14
13
13
1
2
6
2
6
15
18
19
11
10
0
2
6
0
2
11
14
16
12
12
0
0
3
1
0
8
12
14
21
15
5
1
1
3
0
9
12
20
25
16
8
4
2
5
3
12
16
27
29
21
11
10
7
8
1
13
23
35
35
26
19
16
12
7
2
12
29
33
36
28
26
22
15
6
1
9
32
38
36
31
30
23
11
2
7
19
45
53
43
33
30
21
9
1
16
32
64
68
45
30
28
18
4
4
22
44
79
85
42
29
25
14
1
6
24
51
89
92
46
29
22
13
3
10
25
53
93
95
46
29
23
10
4
9
22
47
91
90
45
26
20
6
4
7
17
45
87
90
48
29
22
6
1
1
12
41
82
89
50
37
24
8
4
2
7
33
74
84
56
43
29
16
10
7
1
27
65
82
66
49
32
19
14
8
2
19
58
85
76
50
33
20
15
10
4
14
54
84
76
47
32
19
16
12
4
13
53
85
80
46
33
23
18
11
0
18
54
95
87
53
38
26
17
8
4
26
64
112
99
60
39
28
14
4
12
35
78
127
110
59
40
27
11
1
19
45
91
144
120
63
39
21
6
6
25
53
101
155
121
62
36
19
3
9
30
62
115
163
118
61
35
20
3
11
34
69
127
167
117
61
32
17
1
16
43
79
133
168
116
59
29
12
4
