0
2
10
5
2
10
7
12
6
1
1
4
11
7
0
11
8
16
11
5
5
6
10
7
0
14
9
15
12
3
3
2
5
2
2
14
9
8
5
3
3
1
1
7
4
13
3
2
2
6
8
6
3
5
1
7
3
2
0
7
10
5
2
3
0
8
2
2
3
7
11
9
8
5
1
6
0
0
6
11
17
12
10
7
3
8
0
1
12
15
16
8
8
3
2
3
1
7
15
15
19
9
4
1
0
0
1
6
14
13
17
5
1
0
0
0
3
6
12
10
12
2
3
0
0
2
3
3
8
6
5
0
6
4
0
5
7
6
8
6
3
1
6
3
1
0
4
7
8
7
0
7
12
6
0
0
2
8
6
7
1
6
11
4
2
5
7
6
5
5
0
4
10
3
4
7
9
0
2
6
2
6
9
2
3
6
8
2
1
6
0
0
6
0
3
4
7
1
3
9
2
5
3
2
5
2
0
1
2
8
3
6
2
2
4
6
1
5
0
6
3
7
0
0
3
5
4
4
2
4
4
9
5
3
3
5
5
5
4
1
1
10
8
1
2
6
3
8
7
2
1
8
8
3
1
6
5
7
3
7
8
12
11
6
3
4
4
6
4
3
3
10
6
2
0
5
3
7
4
0
0
4
4
8
3
5
0
9
8
2
4
1
7
10
8
5
1
7
9
2
9
3
7
7
5
1
6
9
10
9
11
3
9
8
7
2
6
6
6
7
6
2
9
10
12
8
3
1
6
14
11
7
14
16
15
11
4
0
9
19
14
12
19
22
18
15
5
0
7
14
12
12
18
23
21
20
11
3
6
6
6
12
19
22
24
20
12
7
1
5
5
16
16
22
24
24
19
12
1
3
0
11
14
21
27
28
24
14
6
4
3
11
13
21
26
31
31
17
11
9
7
10
12
20
22
30
29
21
18
15
11
6
6
14
24
29
31
27
22
16
6
9
6
13
22
26
28
24
19
11
3
15
13
14
21
20
23
21
16
4
2
14
13
14
17
17
18
14
13
4
3
10
13
13
16
13
9
11
12
5
3
7
9
11
16
17
7
12
9
3
1
7
12
11
15
14
3
7
5
1
4
11
11
5
9
9
1
1
1
4
3
8
14
8
9
12
0
1
0
1
1
0
9
6
7
13
0
0
0
1
3
5
3
3
11
17
4
5
2
0
3
10
3
1
11
19
10
8
0
0
5
9
3
2
13
22
16
10
0
3
7
10
5
0
7
15
14
11
1
6
8
13
6
2
8
19
19
15
2
8
8
14
5
3
14
22
20
15
0
11
5
10
3
0
11
13
16
9
3
13
5
7
4
5
12
11
15
9
4
11
9
4
3
0
15
9
12
8
0
10
7
0
1
0
13
3
6
4
3
11
6
2
3
2
9
0
7
6
5
3
5
4
8
5
9
1
5
3
3
0
6
11
11
9
10
5
3
3
5
7
8
11
12
10
9
4
3
6
12
11
13
12
12
12
8
2
4
8
10
12
13
9
7
13
8
5
1
3
9
9
6
7
6
10
1
3
0
1
6
9
7
4
5
8
2
4
4
2
2
6
1
7
4
4
1
6
7
7
2
3
2
7
4
4
1
5
8
8
4
1
0
3
3
6
3
4
7
9
3
0
0
1
1
1
3
8
7
9
7
4
4
0
0
3
3
11
7
7
2
5
2
2
1
7
9
16
8
7
2
2
3
4
0
6
5
15
4
0
3
4
7
5
6
7
4
11
1
5
11
11
14
10
11
7
0
7
7
8
16
13
15
12
18
9
0
4
9
10
16
15
17
12
19
8
0
2
12
14
14
13
19
15
18
2
7
2
13
14
13
12
18
10
17
7
16
11
16
16
13
16
20
11
15
10
17
18
19
20
13
14
15
6
9
13
14
22
23
15
8
9
9
4
5
14
15
21
22
17
6
7
8
5
0
15
16
19
19
19
3
10
10
8
4
20
16
16
17
16
1
8
9
5
5
21
17
20
16
15
0
4
5
6
2
18
14
19
16
10
2
4
3
8
5
17
7
18
14
9
2
4
0
4
7
21
11
17
11
5
0
2
1
4
6
17
10
12
4
2
0
2
0
3
10
16
6
9
0
0
3
0
2
0
10
20
7
11
3
0
1
2
2
1
9
16
5
10
3
0
2
1
1
1
11
16
5
3
1
0
4
0
0
5
15
13
3
4
0
0
0
0
0
6
16
12
7
2
2
4
0
0
0
5
15
11
5
3
1
1
3
5
4
10
18
12
4
7
6
3
4
5
6
11
17
11
9
12
13
3
4
7
9
9
17
8
9
15
11
0
9
10
11
9
17
5
6
13
12
0
13
10
14
8
17
1
1
14
8
0
13
11
13
6
15
1
2
9
5
2
14
9
10
6
16
2
0
4
3
6
10
7
8
2
13
0
1
1
4
3
7
5
2
1
6
0
3
3
4
0
1
0
1
5
1
4
3
1
2
2
1
1
6
5
3
2
3
0
1
3
8
7
12
5
4
2
4
2
1
5
9
11
15
5
2
2
1
5
6
8
9
16
18
8
6
5
1
1
8
12
14
18
19
12
11
10
1
7
14
19
14
17
17
10
8
12
1
10
16
18
14
20
15
7
7
12
1
7
14
17
19
23
21
13
8
14
0
3
11
14
16
22
18
13
6
15
1
0
11
11
11
18
14
12
6
15
1
2
7
10
11
14
14
10
9
11
1
3
8
8
16
14
14
8
9
11
1
2
4
3
7
7
8
3
9
13
3
6
3
7
2
2
5
3
14
18
11
11
5
8
1
1
5
5
13
23
12
11
3
5
5
5
0
1
12
21
15
11
8
10
9
8
4
5
9
17
18
10
9
7
8
7
5
8
6
14
16
10
9
10
10
11
12
15
0
11
16
8
11
12
12
13
13
17
6
6
11
6
8
9
8
11
13
16
11
2
9
2
5
5
4
3
5
11
12
9
4
0
5
8
5
1
6
10
11
13
0
3
1
4
0
5
0
5
12
15
4
7
4
1
3
4
0
1
11
16
11
9
4
0
0
1
2
7
8
15
8
9
4
0
2
3
6
13
2
17
13
9
4
0
1
5
6
15
0
15
13
5
2
1
3
8
10
12
1
15
18
4
4
2
1
9
8
10
2
8
19
2
0
0
4
5
7
6
1
9
15
3
9
10
11
1
0
4
1
9
12
8
16
17
14
2
0
1
2
10
16
4
8
10
3
4
2
5
5
12
19
2
6
11
4
5
2
5
4
3
13
2
8
9
4
5
2
2
2
0
13
1
5
8
1
3
0
4
5
0
14
6
0
5
2
2
4
5
6
4
14
6
1
0
0
0
0
0
5
5
23
16
10
9
8
4
6
3
1
1
21
17
15
15
11
8
8
6
2
1
16
16
11
10
6
5
6
11
5
5
10
15
14
17
10
3
5
14
7
3
13
14
18
18
14
0
5
13
7
0
9
11
15
11
9
3
5
14
6
1
6
8
11
12
13
0
9
13
3
0
0
7
12
13
16
2
7
4
0
0
7
0
5
4
8
7
4
3
0
0
7
1
2
2
7
9
1
3
1
2
9
4
1
1
9
8
4
4
1
3
8
5
6
4
5
8
2
3
6
0
5
0
6
4
2
3
4
2
5
1
3
0
5
0
1
2
3
2
3
3
8
2
4
0
0
1
2
3
4
0
2
1
4
2
4
2
0
7
9
3
1
8
1
3
0
2
0
3
10
4
5
10
0
1
0
0
3
7
10
5
5
12
6
9
3
3
6
10
10
7
3
13
13
12
4
4
10
14
14
13
4
9
9
10
5
2
8
17
21
19
10
8
7
7
4
0
7
18
17
14
5
15
8
5
3
1
4
10
9
7
1
11
3
4
2
0
4
4
1
2
3
11
2
4
0
1
1
3
7
9
7
18
7
4
1
0
4
0
13
20
15
22
6
4
0
1
5
1
15
22
18
27
11
10
9
5
0
3
19
36
38
41
29
29
26
17
3
0
40
62
65
65
51
46
41
26
3
14
61
89
97
92
76
65
49
31
1
24
80
115
128
125
107
85
62
33
3
35
106
144
165
162
139
107
75
38
9
56
132
176
192
182
156
123
80
31
25
89
169
214
227
206
171
122
65
2
67
147
230
265
264
214
157
93
21
51
129
212
288
307
281
208
136
56
29
103
182
265
332
339
294
208
123
36
60
141
228
316
382
382
320
216
116
25
76
166
259
357
424
418
339
222
114
16
92
181
279
381
453
451
367
248
136
36
78
172
279
390
477
490
421
307
190
80
42
142
260
380
483
511
463
369
262
155
34
66
189
320
445
517
514
461
377
278
155
44
93
245
404
533
586
576
504
412
284
159
3
168
355
530
632
654
605
524
410
290
138
36
245
460
617
696
696
651
562
458
310
127
107
364
589
730
777
772
713
618
471
272
15
281
551
732
818
843
811
729
592
397
131
181
471
686
808
872
875
820
704
519
246
77
391
630
782
880
913
888
790
612
341
16
300
553
730
852
916
920
852
692
431
118
199
456
653
804
902
944
909
769
518
204
114
379
588
753
862
916
890
755
515
215
83
327
515
656
749
799
781
671
459
193
64
273
428
543
620
673
671
595
414
185
44
227
363
463
532
592
606
548
389
172
45
214
339
421
475
531
541
487
341
136
59
210
310
376
414
455
460
415
288
108
58
186
264
318
345
381
385
347
243
89
49
159
224
264
285
314
315
285
196
75
41
132
185
221
240
268
275
256
181
78
30
118
168
207
231
261
268
249
175
77
29
111
163
203
228
252
255
226
155
57
36
112
160
194
208
221
216
179
116
38
38
99
136
160
171
176
168
135
81
20
44
93
125
141
147
148
134
100
45
9
73
114
136
140
135
121
92
52
7
59
110
138
147
137
115
89
51
2
64
106
145
156
151
128
90
50
3
56
113
143
168
160
142
114
69
27
22
84
131
153
163
150
131
98
55
13
36
93
131
137
137
122
104
78
42
8
38
82
114
113
103
89
74
51
22
6
42
79
92
83
63
45
34
18
0
17
40
64
63
43
11
2
0
8
17
21
26
40
29
1
32
32
20
15
15
10
13
14
7
39
67
56
35
23
10
6
10
18
46
75
101
78
45
25
3
18
29
43
67
98
112
83
46
21
0
22
32
49
63
86
90
58
25
8
11
28
36
42
47
57
52
22
5
21
33
43
43
40
28
26
9
24
45
55
60
57
49
31
3
13
38
67
78
81
81
70
51
22
19
50
82
105
109
103
98
77
54
17
36
82
118
135
135
127
111
83
53
6
62
117
158
169
160
141
119
82
47
6
82
144
183
184
166
142
114
75
39
21
95
157
193
184
159
128
94
56
16
39
108
162
187
169
138
104
65
26
11
56
123
167
182
154
120
85
42
3
32
73
134
164
172
138
103
67
21
13
47
84
136
159
153
118
85
50
6
26
55
88
133
147
140
102
65
29
10
36
62
88
122
131
117
85
53
23
14
36
58
86
113
123
107
80
56
28
6
29
51
82
109
119
107
93
74
52
19
4
27
68
97
114
111
106
96
81
52
28
3
44
79
108
115
115
113
95
72
58
30
19
57
97
114
123
127
114
95
73
43
7
50
96
125
138
145
134
113
88
49
10
58
110
142
160
168
157
128
96
50
18
78
132
167
178
186
169
139
106
52
14
82
139
177
188
192
172
142
115
61
0
72
133
170
179
179
165
144
119
69
15
54
117
158
169
169
155
137
119
71
19
47
103
142
161
162
155
139
116
74
25
34
92
131
152
157
149
134
122
80
36
22
81
120
142
143
134
127
122
84
47
4
55
92
114
117
110
113
114
87
62
21
20
59
83
90
90
98
101
80
62
32
0
33
56
62
69
79
86
67
54
35
8
22
42
53
54
63
70
53
42
25
5
14
35
42
42
48
52
38
24
16
4
24
35
34
26
28
31
17
3
2
16
28
30
19
10
9
9
0
11
10
17
23
20
12
2
5
6
10
17
12
19
19
14
2
8
20
23
29
34
26
30
18
7
10
18
35
35
42
49
38
37
18
1
15
25
41
47
57
63
47
39
16
7
27
34
52
54
65
68
46
35
13
19
38
47
64
60
69
68
47
29
2
35
50
51
67
58
69
66
41
21
12
40
54
57
69
62
73
74
49
25
7
39
56
57
64
59
74
80
55
29
1
30
42
44
51
49
67
75
55
34
18
9
23
29
37
41
58
70
54
37
26
1
14
19
30
33
42
55
52
39
30
9
3
10
20
24
35
51
46
36
26
4
4
8
14
19
33
43
32
21
16
0
8
8
15
16
22
27
13
1
1
13
18
10
13
10
11
8
12
21
20
28
26
17
17
5
0
12
39
49
51
53
48
31
21
0
15
32
66
86
88
86
73
48
28
1
25
52
94
116
122
111
92
63
34
3
25
59
110
142
145
128
109
72
35
2
33
74
130
162
159
133
110
67
27
5
44
85
140
170
163
136
105
62
15
14
52
89
142
168
161
128
92
53
5
23
60
88
137
165
149
114
83
46
3
28
62
85
126
149
130
95
65
33
12
28
55
72
106
119
103
67
41
13
24
36
53
60
87
90
69
37
15
4
34
43
48
46
68
57
35
6
12
22
40
40
38
27
34
22
2
17
29
26
37
33
25
9
3
12
27
46
53
45
42
31
15
3
19
44
59
67
67
53
40
25
1
19
48
78
89
87
85
66
42
21
6
34
74
106
114
110
98
76
47
21
14
43
88
126
138
128
113
82
49
21
14
49
103
139
149
139
115
81
48
22
12
48
109
144
155
141
117
81
50
29
3
45
105
146
154
142
117
84
55
35
0
46
104
146
156
141
110
76
52
34
0
45
100
138
147
128
99
67
45
30
0
42
84
118
122
109
85
58
40
28
0
38
64
94
95
79
60
38
25
20
0
31
47
71
67
51
36
17
8
7
8
32
37
54
40
18
7
8
14
13
25
43
40
42
17
11
23
34
40
40
49
58
41
34
0
37
49
60
66
69
72
69
46
30
10
54
67
76
85
84
85
78
53
30
13
54
69
86
94
96
93
89
68
43
5
49
68
89
100
103
100
95
78
50
0
40
57
81
92
95
98
100
89
59
12
25
42
60
71
81
83
87
83
60
30
1
13
27
41
56
58
62
68
59
40
23
17
6
4
18
18
23
39
44
43
43
42
37
31
27
27
15
5
23
37
50
63
66
70
63
68
55
30
1
20
46
72
90
96
93
100
91
65
26
9
45
79
105
119
118
131
117
88
39
3
46
82
109
124
126
140
130
100
47
0
41
82
103
116
123
135
129
101
54
11
35
72
93
104
113
123
117
98
54
16
27
62
79
88
98
104
104
89
50
13
23
55
67
75
80
83
81
65
28
1
30
58
59
58
59
55
47
27
5
23
42
62
50
44
37
27
19
3
29
42
54
65
45
35
23
5
1
21
43
55
61
68
51
37
18
2
3
26
50
60
68
75
60
47
23
4
0
21
53
61
69
77
64
54
30
12
6
18
51
58
67
77
68
57
33
17
10
12
39
45
52
63
59
50
28
21
23
12
7
16
28
42
46
46
28
29
45
47
33
21
3
16
29
37
29
39
65
78
66
53
32
7
11
24
29
47
77
96
95
87
68
36
16
4
18
45
80
108
116
112
94
64
37
13
7
42
76
111
130
127
114
82
53
27
7
32
72
114
141
137
123
93
64
38
17
22
65
112
141
141
126
97
71
47
24
12
54
104
137
141
127
99
74
55
25
7
46
97
132
135
123
101
78
59
28
2
42
91
130
137
118
98
75
59
33
2
43
93
130
133
114
96
73
60
32
3
46
96
134
137
114
94
72
56
28
4
51
103
139
142
113
94
75
53
20
10
54
101
137
141
114
93
71
45
8
26
69
106
135
133
109
88
62
33
1
39
78
104
127
123
97
79
49
19
8
49
84
99
121
116
90
68
37
10
18
58
84
95
111
101
78
55
26
6
32
63
81
84
91
80
57
41
14
16
38
60
71
69
67
51
35
26
4
20
37
60
61
53
49
27
23
17
0
19
33
53
50
42
27
6
6
0
5
22
30
36
25
15
0
12
8
9
11
17
19
15
3
14
24
33
19
15
7
8
8
7
28
35
50
50
27
15
1
1
6
27
51
58
69
61
27
14
0
16
20
46
70
76
85
68
29
13
7
26
34
63
86
97
97
71
31
16
5
31
37
74
100
117
115
81
40
22
1
33
45
87
119
135
131
94
48
21
7
46
61
100
135
147
141
106
57
23
14
54
71
111
149
164
161
121
70
28
15
59
80
117
161
177
175
136
82
37
11
64
95
132
175
193
196
152
93
41
16
70
109
147
187
202
202
157
94
40
20
79
119
156
194
207
205
161
97
35
28
84
129
164
195
202
197
151
87
23
39
91
133
165
186
194
177
131
68
13
45
92
129
155
170
167
145
102
49
1
48
87
118
137
144
135
110
74
29
11
52
81
108
124
114
103
73
39
4
27
60
77
93
104
88
69
34
9
17
39
61
72
77
81
61
43
3
14
33
50
64
63
62
60
42
21
15
28
45
55
63
56
51
44
24
6
28
38
52
56
61
51
41
30
11
4
34
43
55
58
59
43
32
23
3
4
32
38
53
57
60
44
32
22
5
4
31
35
50
56
60
44
29
19
7
0
29
29
47
52
58
38
27
19
7
0
25
25
41
47
53
33
23
15
4
1
26
28
41
45
48
33
27
15
0
9
33
37
44
46
46
33
25
16
0
17
42
42
46
49
47
36
31
18
2
19
41
47
44
43
38
32
29
12
5
25
41
48
40
33
28
25
26
13
2
22
39
44
37
29
19
18
22
13
1
14
30
34
27
25
14
21
27
18
12
2
17
22
17
17
11
20
31
28
26
13
0
1
0
4
5
16
33
38
44
39
25
23
18
9
1
15
35
46
53
53
44
35
28
19
7
12
36
51
58
64
55
47
36
26
8
15
39
60
71
77
60
50
33
21
1
20
42
64
70
76
60
46
29
20
2
26
42
62
64
66
49
33
17
14
3
24
34
50
49
51
39
25
12
15
0
16
24
